-11,633112 47,952667
-14,005690 43,149421
-28,121348 51,672851
-7,768925 48,064113
-32,750696 48,574091
-10,479696 50,699092
-25,188763 56,200117
-4,406637 52,089550
-34,539057 57,320650
-35,326817 52,557087
-36,155713 53,549064
-7,652788 42,678510
-30,414921 55,893798
-13,027654 46,052869
-10,630567 45,915782
-28,537603 51,010529
-33,516897 55,225323
-38,410452 52,810625
-6,388308 43,692009
-36,750407 46,866497
-34,216226 57,186846
-6,061463 50,179533
-9,521925 45,313456
-24,337084 53,286485
-13,370497 51,319492
-12,673570 48,561565
-27,870097 46,516832
-31,871052 53,618126
-5,723792 48,004857
-37,354662 50,845984
-35,680543 55,166011
-0,849728 47,815603
-6,182738 47,953200
-28,455312 50,345049
-30,685161 58,803109
-33,651714 56,262218
-31,066175 54,424793
-10,463265 51,856506
-7,481483 49,352124
-34,466506 51,786825
-14,013310 43,172712
-8,078916 48,264502
-33,153357 52,590944
-27,993567 53,878885
-12,882108 48,568926
-4,041727 48,150422
-28,561095 51,817001
-9,210448 45,660938
-27,374164 53,652285
-31,976079 56,004670
-25,317107 48,919022
-12,962659 42,782363
-3,429623 50,901337
-11,203044 50,434293
-12,599069 51,068011
-30,060888 44,999770
-10,590453 46,547185
-1,978309 49,943437
-9,763240 52,854463
-31,076408 56,295224
-8,458402 51,207232
-36,418020 51,281230
-28,561818 51,713192
-32,628443 51,890114
-37,059938 50,946713
-34,150969 52,644715
-9,607948 48,662807
-31,270678 54,239658
-30,127291 48,032354
-34,810581 50,443409
-9,998587 53,230010
-30,945434 51,744054
-30,439275 54,410535
-35,711239 47,850744
-5,855983 46,008249
-31,303327 52,591519
-8,466380 46,806465
-37,482235 52,488915
-26,240831 52,790125
-32,988714 59,129915
-8,487746 45,272373
-33,787276 58,812440
-25,900896 51,173081
-10,929882 44,736792
-10,591010 52,743232
-10,874621 45,118502
-30,371330 48,414575
-8,348256 49,982147
-35,423523 48,023349
-31,871453 52,189841
-33,304799 54,592042
-9,120872 48,775658
-33,186715 49,717919
-4,937106 52,808403
-7,869366 51,678022
-25,732712 48,656553
-4,632581 44,714660
-12,961477 47,826626
-27,523306 50,607431
-8,795490 45,608426
-9,983504 52,137020
-30,778811 57,273192
-32,486016 50,669669
-28,541692 58,985797
-10,596689 44,817397
-7,553597 50,107642
-3,902501 45,122290
-32,160659 54,157579
-27,144247 49,323810
-33,090747 48,508938
-4,069250 45,306691
-7,820673 55,185181
-4,882489 49,165889
-28,936029 56,817310
-36,919301 56,850611
-30,962278 50,480373
-13,028092 50,103547
-32,739829 51,582552
-10,358854 50,054715
-7,845925 46,132814
-12,329235 52,856028
-34,802132 47,695885
-13,437577 50,100455
-7,220526 48,640969
-8,921383 51,439676
-7,261110 44,983616
-29,626188 51,493425
-9,781492 42,961136
-13,027602 48,567399
-4,192870 48,901356
-28,132259 53,316341
-33,421715 54,283166
-37,945282 53,584784
-10,211682 46,728937
-13,523726 42,341550
-28,691013 47,131830
-6,503969 52,836534
-30,016088 49,950068
-9,927863 46,489190
-14,636178 51,308484
-30,639236 57,019026
-4,755696 49,323822
-5,945231 48,831705
-6,904552 47,906212
-2,981326 53,017084
-26,811047 45,847760
-29,114366 53,411775
-28,342280 57,484948
-14,066661 45,025407
-25,367750 50,432476
-30,873645 52,424473
-9,218571 49,185507
-29,590736 51,158366
-2,727085 50,041840
-38,198539 47,783602
-25,220790 47,686481
-2,704549 50,229969
-29,271899 51,976666
-34,065905 59,450852
-10,519432 46,313317
-6,774066 41,747345
-30,441184 51,779773
-4,655957 49,963014
-28,877668 56,019581
-7,794421 48,491510
-35,127373 52,208097
-9,782437 49,573958
-31,136916 57,621935
-6,998996 48,006525
-31,745230 51,998397
-33,315611 52,414031
-27,161177 46,796718
-8,226358 51,103017
-25,395449 53,543352
-7,494352 52,741446
-35,941516 52,755649
-8,223251 51,214520
-24,387610 53,825047
-4,190157 54,058197
-32,133590 51,677232
-31,524049 48,577739
-11,294905 53,977663
-12,703315 50,408978
-28,062847 51,222522
-31,067874 53,179426
-2,918165 50,400944
-11,006565 49,368244
-7,230847 48,273883
-7,534295 50,045558
-9,684194 47,775675
-27,641510 52,692167
-33,264363 55,287715
-30,423608 51,284500
-8,637263 54,897426
-12,292838 51,809221
-5,858127 46,183773
-34,319579 57,094752
-30,069493 52,951350
-14,420605 44,372266
-8,259880 46,677776
